# z (km)   x (km)
-20.000000 4.441000
-19.960000 4.446000
-19.920000 4.451000
-19.880000 4.456000
-19.840000 4.461000
-19.800000 4.466000
-19.760000 4.470000
-19.720000 4.475000
-19.680000 4.480000
-19.640000 4.485000
-19.600000 4.490000
-19.560000 4.494000
-19.520000 4.498000
-19.480000 4.502000
-19.440000 4.506000
-19.400000 4.510000
-19.360000 4.514000
-19.320000 4.518000
-19.280000 4.522000
-19.240000 4.526000
-19.200000 4.530000
-19.160000 4.534000
-19.120000 4.539000
-19.080000 4.545000
-19.040000 4.550000
-19.000000 4.556000
-18.960000 4.561000
-18.920000 4.567000
-18.880000 4.573000
-18.840000 4.578000
-18.800000 4.584000
-18.760000 4.590000
-18.720000 4.595000
-18.680000 4.600000
-18.640000 4.602000
-18.600000 4.603000
-18.560000 4.604000
-18.520000 4.605000
-18.480000 4.606000
-18.440000 4.607000
-18.400000 4.608000
-18.360000 4.609000
-18.320000 4.610000
-18.280000 4.611000
-18.240000 4.612000
-18.200000 4.616000
-18.160000 4.621000
-18.120000 4.626000
-18.080000 4.631000
-18.040000 4.636000
-18.000000 4.641000
-17.960000 4.647000
-17.920000 4.652000
-17.880000 4.657000
-17.840000 4.663000
-17.800000 4.668000
-17.760000 4.674000
-17.720000 4.680000
-17.680000 4.685000
-17.640000 4.691000
-17.600000 4.697000
-17.560000 4.702000
-17.520000 4.708000
-17.480000 4.713000
-17.440000 4.719000
-17.400000 4.724000
-17.360000 4.730000
-17.320000 4.735000
-17.280000 4.734000
-17.240000 4.734000
-17.200000 4.733000
-17.160000 4.733000
-17.120000 4.732000
-17.080000 4.732000
-17.040000 4.731000
-17.000000 4.731000
-16.960000 4.730000
-16.920000 4.730000
-16.880000 4.729000
-16.840000 4.731000
-16.800000 4.732000
-16.760000 4.734000
-16.720000 4.736000
-16.680000 4.738000
-16.640000 4.740000
-16.600000 4.742000
-16.560000 4.743000
-16.520000 4.745000
-16.480000 4.747000
-16.440000 4.749000
-16.400000 4.751000
-16.360000 4.754000
-16.320000 4.756000
-16.280000 4.759000
-16.240000 4.761000
-16.200000 4.764000
-16.160000 4.767000
-16.120000 4.769000
-16.080000 4.772000
-16.040000 4.775000
-16.000000 4.777000
-15.960000 4.780000
-15.920000 4.786000
-15.880000 4.792000
-15.840000 4.798000
-15.800000 4.804000
-15.760000 4.810000
-15.720000 4.817000
-15.680000 4.823000
-15.640000 4.829000
-15.600000 4.835000
-15.560000 4.842000
-15.520000 4.848000
-15.480000 4.854000
-15.440000 4.859000
-15.400000 4.864000
-15.360000 4.870000
-15.320000 4.875000
-15.280000 4.880000
-15.240000 4.886000
-15.200000 4.891000
-15.160000 4.897000
-15.120000 4.902000
-15.080000 4.907000
-15.040000 4.913000
-15.000000 4.921000
-14.960000 4.928000
-14.920000 4.935000
-14.880000 4.943000
-14.840000 4.950000
-14.800000 4.957000
-14.760000 4.965000
-14.720000 4.972000
-14.680000 4.979000
-14.640000 4.986000
-14.600000 4.993000
-14.560000 5.004000
-14.520000 5.014000
-14.480000 5.024000
-14.440000 5.035000
-14.400000 5.045000
-14.360000 5.055000
-14.320000 5.066000
-14.280000 5.076000
-14.240000 5.087000
-14.200000 5.097000
-14.160000 5.107000
-14.120000 5.113000
-14.080000 5.116000
-14.040000 5.118000
-14.000000 5.121000
-13.960000 5.124000
-13.920000 5.126000
-13.880000 5.129000
-13.840000 5.131000
-13.800000 5.134000
-13.760000 5.137000
-13.720000 5.139000
-13.680000 5.143000
-13.640000 5.147000
-13.600000 5.152000
-13.560000 5.156000
-13.520000 5.161000
-13.480000 5.166000
-13.440000 5.170000
-13.400000 5.175000
-13.360000 5.179000
-13.320000 5.184000
-13.280000 5.189000
-13.240000 5.193000
-13.200000 5.200000
-13.160000 5.207000
-13.120000 5.213000
-13.080000 5.220000
-13.040000 5.227000
-13.000000 5.235000
-12.960000 5.242000
-12.920000 5.249000
-12.880000 5.256000
-12.840000 5.264000
-12.800000 5.271000
-12.760000 5.280000
-12.720000 5.290000
-12.680000 5.300000
-12.640000 5.309000
-12.600000 5.319000
-12.560000 5.329000
-12.520000 5.339000
-12.480000 5.349000
-12.440000 5.359000
-12.400000 5.369000
-12.360000 5.379000
-12.320000 5.387000
-12.280000 5.382000
-12.240000 5.376000
-12.200000 5.371000
-12.160000 5.365000
-12.120000 5.359000
-12.080000 5.354000
-12.040000 5.348000
-12.000000 5.343000
-11.960000 5.337000
-11.920000 5.331000
-11.880000 5.325000
-11.840000 5.324000
-11.800000 5.324000
-11.760000 5.323000
-11.720000 5.323000
-11.680000 5.323000
-11.640000 5.322000
-11.600000 5.322000
-11.560000 5.321000
-11.520000 5.321000
-11.480000 5.320000
-11.440000 5.319000
-11.400000 5.323000
-11.360000 5.331000
-11.320000 5.339000
-11.280000 5.347000
-11.240000 5.354000
-11.200000 5.362000
-11.160000 5.370000
-11.120000 5.378000
-11.080000 5.385000
-11.040000 5.393000
-11.000000 5.400000
-10.960000 5.407000
-10.920000 5.410000
-10.880000 5.413000
-10.840000 5.416000
-10.800000 5.419000
-10.760000 5.421000
-10.720000 5.424000
-10.680000 5.427000
-10.640000 5.429000
-10.600000 5.432000
-10.560000 5.434000
-10.520000 5.437000
-10.480000 5.440000
-10.440000 5.443000
-10.400000 5.446000
-10.360000 5.449000
-10.320000 5.452000
-10.280000 5.455000
-10.240000 5.458000
-10.200000 5.461000
-10.160000 5.463000
-10.120000 5.466000
-10.080000 5.468000
-10.040000 5.470000
-10.000000 5.472000
-9.960000 5.475000
-9.920000 5.477000
-9.880000 5.479000
-9.840000 5.481000
-9.800000 5.483000
-9.760000 5.485000
-9.720000 5.487000
-9.680000 5.490000
-9.640000 5.492000
-9.600000 5.493000
-9.560000 5.492000
-9.520000 5.491000
-9.480000 5.489000
-9.440000 5.488000
-9.400000 5.487000
-9.360000 5.485000
-9.320000 5.484000
-9.280000 5.483000
-9.240000 5.481000
-9.200000 5.481000
-9.160000 5.480000
-9.120000 5.473000
-9.080000 5.464000
-9.040000 5.455000
-9.000000 5.445000
-8.960000 5.436000
-8.920000 5.427000
-8.880000 5.418000
-8.840000 5.409000
-8.800000 5.400000
-8.760000 5.391000
-8.720000 5.382000
-8.680000 5.376000
-8.640000 5.374000
-8.600000 5.372000
-8.560000 5.370000
-8.520000 5.368000
-8.480000 5.366000
-8.440000 5.363000
-8.400000 5.361000
-8.360000 5.359000
-8.320000 5.357000
-8.280000 5.354000
-8.240000 5.352000
-8.200000 5.349000
-8.160000 5.345000
-8.120000 5.341000
-8.080000 5.338000
-8.040000 5.334000
-8.000000 5.331000
-7.960000 5.327000
-7.920000 5.324000
-7.880000 5.320000
-7.840000 5.317000
-7.800000 5.314000
-7.760000 5.311000
-7.720000 5.309000
-7.680000 5.307000
-7.640000 5.305000
-7.600000 5.302000
-7.560000 5.300000
-7.520000 5.298000
-7.480000 5.296000
-7.440000 5.294000
-7.400000 5.291000
-7.360000 5.289000
-7.320000 5.285000
-7.280000 5.277000
-7.240000 5.269000
-7.200000 5.261000
-7.160000 5.253000
-7.120000 5.245000
-7.080000 5.237000
-7.040000 5.229000
-7.000000 5.221000
-6.960000 5.213000
-6.920000 5.205000
-6.880000 5.197000
-6.840000 5.191000
-6.800000 5.184000
-6.760000 5.178000
-6.720000 5.171000
-6.680000 5.165000
-6.640000 5.158000
-6.600000 5.152000
-6.560000 5.145000
-6.520000 5.138000
-6.480000 5.132000
-6.440000 5.125000
-6.400000 5.120000
-6.360000 5.115000
-6.320000 5.111000
-6.280000 5.107000
-6.240000 5.103000
-6.200000 5.099000
-6.160000 5.095000
-6.120000 5.090000
-6.080000 5.086000
-6.040000 5.082000
-6.000000 5.078000
-5.960000 5.071000
-5.920000 5.057000
-5.880000 5.043000
-5.840000 5.029000
-5.800000 5.015000
-5.760000 5.001000
-5.720000 4.987000
-5.680000 4.973000
-5.640000 4.959000
-5.600000 4.946000
-5.560000 4.932000
-5.520000 4.919000
-5.480000 4.910000
-5.440000 4.903000
-5.400000 4.896000
-5.360000 4.888000
-5.320000 4.881000
-5.280000 4.874000
-5.240000 4.867000
-5.200000 4.860000
-5.160000 4.852000
-5.120000 4.845000
-5.080000 4.838000
-5.040000 4.833000
-5.000000 4.831000
-4.960000 4.829000
-4.920000 4.827000
-4.880000 4.824000
-4.840000 4.822000
-4.800000 4.820000
-4.760000 4.818000
-4.720000 4.815000
-4.680000 4.813000
-4.640000 4.811000
-4.600000 4.809000
-4.560000 4.807000
-4.520000 4.805000
-4.480000 4.804000
-4.440000 4.802000
-4.400000 4.800000
-4.360000 4.799000
-4.320000 4.797000
-4.280000 4.795000
-4.240000 4.793000
-4.200000 4.791000
-4.160000 4.789000
-4.120000 4.784000
-4.080000 4.777000
-4.040000 4.770000
-4.000000 4.763000
-3.960000 4.757000
-3.920000 4.750000
-3.880000 4.743000
-3.840000 4.736000
-3.800000 4.729000
-3.760000 4.722000
-3.720000 4.715000
-3.680000 4.710000
-3.640000 4.707000
-3.600000 4.703000
-3.560000 4.700000
-3.520000 4.696000
-3.480000 4.693000
-3.440000 4.690000
-3.400000 4.686000
-3.360000 4.683000
-3.320000 4.680000
-3.280000 4.677000
-3.240000 4.673000
-3.200000 4.670000
-3.160000 4.667000
-3.120000 4.664000
-3.080000 4.660000
-3.040000 4.657000
-3.000000 4.654000
-2.960000 4.651000
-2.920000 4.647000
-2.880000 4.644000
-2.840000 4.641000
-2.800000 4.637000
-2.760000 4.635000
-2.720000 4.633000
-2.680000 4.631000
-2.640000 4.629000
-2.600000 4.627000
-2.560000 4.625000
-2.520000 4.623000
-2.480000 4.621000
-2.440000 4.619000
-2.400000 4.617000
-2.360000 4.616000
-2.320000 4.615000
-2.280000 4.617000
-2.240000 4.620000
-2.200000 4.622000
-2.160000 4.624000
-2.120000 4.626000
-2.080000 4.628000
-2.040000 4.630000
-2.000000 4.632000
-1.960000 4.634000
-1.920000 4.636000
-1.880000 4.637000
-1.840000 4.636000
-1.800000 4.634000
-1.760000 4.633000
-1.720000 4.632000
-1.680000 4.630000
-1.640000 4.629000
-1.600000 4.627000
-1.560000 4.626000
-1.520000 4.624000
-1.480000 4.623000
-1.440000 4.621000
-1.400000 4.620000
-1.360000 4.619000
-1.320000 4.618000
-1.280000 4.616000
-1.240000 4.615000
-1.200000 4.614000
-1.160000 4.612000
-1.120000 4.611000
-1.080000 4.609000
-1.040000 4.607000
-1.000000 4.606000
-0.960000 4.606000
-0.920000 4.610000
-0.880000 4.615000
-0.840000 4.619000
-0.800000 4.623000
-0.760000 4.628000
-0.720000 4.632000
-0.680000 4.636000
-0.640000 4.640000
-0.600000 4.644000
-0.560000 4.648000
-0.520000 4.653000
-0.480000 4.650000
-0.440000 4.647000
-0.400000 4.644000
-0.360000 4.641000
-0.320000 4.638000
-0.280000 4.635000
-0.240000 4.632000
-0.200000 4.629000
-0.160000 4.626000
-0.120000 4.623000
-0.080000 4.620000
-0.040000 4.610000
0.000000 4.596000
